14000027
14000053
14000310
14000436
14000688
14000704
14001023
14001091
14001123
14001143
14001309
14001445
14001455
14001799
14001874
14002069
14002131
14002140
14002449
14002458
14002497
14002806
14002910
14002953
14003363
14003480
14003536
14003581
14003708
14003730
14003878
14003953
14004422
14004594
14004721
14005008
14005049
14005084
14005155
14005263
14005400
14005674
14005699
14005835
14005968
14006134
14006354
14006381
14006824
14007049
14007223
14007241
14007244
14007263
14007318
14007381
14007640
14007746
14007793
14007834
14007882
14007888
14008380
14008591
14008934
14009079
14009191
14009300
14009368
14009450
14009476
14009771
14009992
14010011
14010090
14010531
14010765
14010884
14011087
14011224
14011264
14011335
14011525
14011613
14011684
14011695
14011738
14011757
14011874
14011912
14012437
14013103
14013135
14013260
14013484
14013488
14013563
14013606
14013806
14013965
14014161
14014318
14014366
14014400
14014456
14014826
14015159
14015277
14015279
14015370
14015550
14015896
14016014
14016218
14016276
14016334
14016356
14016421
14016606
14016824
14016848
14016902
14017347
14017389
14017435
14017479
14017855
14018148
14018244
14018314
14018371
14018401
14018497
14018865
14018966
14019031
14019042
14019111
14019134
14019293
14019484
14019556
14019807
14019982
14020285
14020472
14020526
14020680
14021098
14021181
14021394
14021600
14021672
14021771
14021842
14021856
14021862
14021982
14021983
14022004
14022175
14022224
14022232
14022647
14022695
14023473
14023625
14023659
14023800
14023804
14023813
14023830
14024073
14024276
14024330
14024410
14024512
14024573
14024652
14024842
14024921
14024932
14024934
14024941
14024951
14025073
14025287
14025400
14025427
14026078
14026187
14026586
14026926
14026933
14027147
14027399
14027626
14027640
14027695
14028390
14028563
14028766
14028938
14029010
14029496
14029983
14030255
14030573
14030623
14030681
14030706
14030769
14030930
14031079
14031145
14031415
14031535
14031581
14031617
14031699
14032266
14032396
14032618
14032653
14032681
14032967
14033084
14033137
14033215
14033402
14033772
14033833
14033977
14034210
14034251
14034324
14034501
14034601
14034615
14034654
14034849
14034868
14034970
14035065
14035121
14035190
14035222
14035428
14035550
14035594
14035785
14035815
14036046
14036286
14036297
14036794
14036966
14036998
14037228
14037385
14037491
14037755
14037869
14037975
14037990
14038001
14038174
14038183
14038609
14038625
14038655
14038991
14039028
14039428
14039530
14039577
14039634
14039873
14039881
14039921
14040338
14040482
14040929
14041028
14041042
14041379
14041478
14041588
14041990
14042117
14042168
14042201
14042591
14042694
14042871
14043005
14043020
14043188
14043240
14043379
14043401
14043484
14043742
14043792
14043864
14043927
14044002
14044199
14044277
14044626
14044777
14045019
14045074
14045159
14045327
14045374
14045405
14045941
14046275
14046558
14046641
14046706
14046761
14047164
14047217
14047219
14047408
14047445
14047625
14047651
14047706
14047747
14047876
14047989
14048094
14048471
14048546
14048608
14048632
14048850
14048942
14049120
14049171
14049301
14049309
14049372
14049474
14049577
14049616
14049674
14049835
14049862
14049913
14049951
14049958
14050060
14050086
14050110
14050542
14050587
14050746
14050830
14050840
14050901
14051019
14051037
14051119
14051721
14052015
14052132
14052229
14052609
14053416
14053430
14053632
14053835
14053917
14053929
14054089
14054618
14054714
14054717
14055006
14055100
14055188
14055233
14055371
14055423
14055491
14055794
14055815
14055897
14055916
14055917
14055918
14055963
14055982
14055995
14056002
14056073
14056148
14056341
14056644
14056718
14056732
14056869
14056870
14056914
14057042
14057064
14057175
14057287
14057301
14057423
14057878
14058551
14058613
14058703
14058751
14059209
14059276
14059504
14059651
14059672
14059692
14059702
14059860
14059983
14060013
14060034
14060082
14060210
14060306
14060365
14060382
14060412
14060432
14060450
14060594
14061015
14061072
14061257
14061560
14061825
14061999
14062298
14062393
14062582
14062796
14062975
14063076
14063111
14063320
14063365
14063498
14063773
14063806
14063943
14064546
14064617
14064625
14064689
14064702
14064829
14065117
14065353
14065570
14065601
14065605
14065712
14065756
14065841
14066464
14066545
14066562
14066961
14066979
14067200
14067433
14067463
14067487
14067619
14067670
14067678
14068001
14068313
14068343
14068348
14068442
14068525
14068840
14069008
14069014
14069094
14069238
14069308
14069338
14069513
14070261
14070268
14070379
14070439
14070502
14070543
14070930
14070988
14071192
14071561
14071575
14071767
14072154
14072296
14072592
14072830
14073015
14073151
14073331
14073461
14073477
14073548
14073646
14073773
14073988
14074218
14074354
14074460
14074650
14074722
14075029
14075144
14075431
14075647
14076040
14076111
14076152
14076265
14076403
14076414
14076808
14076899
14077001
14077054
14077125
14077167
14077385
14077536
14077742
14077770
14077806
14077851
14077975
14078113
14078195
14078911
14078991
14079031
14079161
14079222
14079251
14079347
14079810
14080040
14080284
14080414
14080418
14080543
14081119
14081176
14081224
14081390
14081407
14081609
14082630
14082801
14082804
14082904
14082957
14082966
14082998
14083432
14083562
14083639
14083854
14083925
14083969
14084088
14084265
14084584
14084607
14084797
14084818
14084835
14085122
14085206
14085307
14085366
14085508
14085526
14085617
14085697
14085843
14086431
14086807
14086907
14087042
14087143
14087339
14087667
14087951
14088194
14088223
14088404
14088460
14088484
14088752
14089010
14089145
14089185
14089283
14089419
14089441
14089523
14089740
14090122
14090145
14090154
14090174
14090221
14090342
14090469
14090752
14090874
14090920
14090955
14091285
14091314
14091317
14091834
14092078
14092658
14092849
14092899
14093254
14093440
14093667
14094113
14094243
14094278
14094808
14094877
14094927
14094945
14094958
14094985
14095062
14095181
14095295
14095448
14095449
14095465
14095477
14095508
14095763
14096237
14096317
14096586
14097145
14097289
14097424
14097630
14097842
14098002
14098006
14098057
14098166
14098219
14098320
14098540
14098821
14098953
14099005
14099112
14099500
14099596
14099858
14099971
14099997
14100001
14100147
14100618
14100757
14100972
14100978
14101072
14101108
14101136
14101800
14102088
14102285
14102322
14102364
14102370
14102394
14102548
14102584
14102669
14102705
14102706
14102770
14102990
14102998
14103000
14103032
14103115
14103198
14103345
14103747
14103764
14103846
14103895
14103976
14104112
14104194
14104537
14104563
14104629
14104667
14104839
14105045
14105071
14105277
14105298
14105510
14105616
14105754
14105882
14106103
14106135
14106266
14106309
14106491
14106630
14106772
14106795
14106844
14106879
14106881
14106896
14106896
14106958
14107092
14107264
14107390
14107491
14107530
14107623
14107686
14107732
14107823
14108383
14108514
14108658
14108806
14109191
14109208
14109297
14109497
14109503
14109509
14109534
14109718
14109865
14110111
14110473
14110596
14110615
14110759
14111021
14111101
14111209
14111280
14111404
14111776
14111820
14111943
14112056
14112303
14112345
14112408
14112829
14112843
14113193
14113214
14113323
14113548
14113585
14113724
14113965
14114053
14114085
14114133
14114262
14114468
14114592
14114634
14114797
14115170
14115229
14115398
14115546
14115805
14115838
14115891
14115907
14116060
14116113
14116334
14116388
14116414
14116481
14116558
14116688
14116727
14116824
14116928
14117042
14117118
14117403
14117544
14117544
14117550
14117665
14117675
14117685
14117851
14117978
14118035
14118236
14118278
14118292
14118346
14118348
14118376
14118388
14118393
14118447
14118572
14118889
14118908
14119117
14119297
14119322
14119693
14119826
14119879
14119980
14120162
14120181
14120279
14120579
14120613
14120743
14120886
14121258
14121370
14121619
14121775
14121816
14122116
14122406
14122586
14122777
14122865
14122935
14122944
14122983
14123015
14123035
14123063
14123137
14123535
14123549
14123549
14123681
14123708
14123907
14123996
14124420
14124444
14124464
14124647
14125280
14125334
14125365
14125504
14125506
14125555
14125692
14126278
14126337
14126354
14126480
14126599
14126664
14126764
14126956
14126969
14127288
14127668
14127800
14127847
14128052
14128058
14128314
14128360
14128489
14128915
14128930
14128950
14128986
14129037
14129101
14129432
14129451
14129530
14129704
14129722
14129728
14129764
14129918
14129951
14129992
14130248
14130396
14130837
14130844
14130876
14131036
14131167
14131380
14131504
14131504
14131548
14131564
14131585
14131699
14131733
14131768
14131976
14132271
14132356
14132418
14132429
14132655
14132691
14132828
14133057
14133621
14133943
14134071
14134502
14134541
14134770
14134825
14135008
14135247
14135334
14135401
14135571
14135617
14135797
14135882
14135887
14136072
14136411
14136884
14136953
14137234
14137450
14137533
14137596
14137614
14137643
14137667
14137708
14138409
14138567
14138605
14138623
14138625
14138653
14138839
14138930
14139414
14139482
14139730
14139878
14140558
14140597
14140771
14140940
14141029
14141130
14141423
14141546
14141640
14141729
14141775
14141881
14142324
14142383
14142496
14142663
14142703
14142967
14142980
14143314
14143315
14143406
14143581
14143662
14143690
14143757
14143766
14143799
14143849
14144714
14145144
14145162
14145367
14145566
14145685
14145714
14146182
14146190
14146395
14146396
14146651
14146756
14146868
14147013
14147180
14147252
14147356
14147492
14147875
14148105
14148360
14148370
14148585
14148698
14148745
14148855
14148958
14149002
14149048
14149076
14149297
14149348
14149430
14149467
14149496
14149546
14149616
14149881
14150018
14150107
14150345
14150361
14150512
14150699
14150784
14150904
14150980
14151179
14151245
14151351
14151577
14151689
14151815
14151885
14152010
14152094
14152302
14152316
14152556
14152590
14152628
14152653
14152681
14152718
14153123
14153247
14153414
14153591
14153602
14153792
14153860
14153927
14154037
14154073
14154332
14154975
14155304
14155683
14155714
14155844
14155853
14155932
14156013
14156159
14156626
14156893
14156951
14156952
14157003
14157061
14157132
14157229
14157244
14157437
14157535
14157594
14157671
14157721
14158137
14158742
14158803
14158835
14158952
14159088
14159383
14159532
14159660
14159679
14159843
14159856
14159969
14160159
14160868
14161202
14161294
14161356
14161717
14162178
14162601
14162634
14162798
14163089
14163128
14163145
14163475
14163765
14163777
14163848
14164121
14164531
14164540
14164648
14164744
14164804
14164936
14165197
14165198
14165408
14165533
14165547
14165566
14165757
14165815
14165861
14165892
14165948
14166012
14166039
14166069
14166092
14166110
14166187
14166602
14166603
14166738
14166877
14166901
14166932
14167007
14167161
14167323
14167323
14167538
14167644
14167658
14167889
14167920
14168261
14168317
14168349
14168376
14168522
14168542
14168695
14168720
14168910
14169070
14169273
14169497
14170325
14170494
14170501
14170551
14170600
14170706
14170778
14171079
14171175
14171292
14171314
14171371
14171682
14171840
14172239
14172527
14172776
14172935
14173006
14173133
14173198
14173217
14173598
14173659
14173687
14173730
14173841
14173843
14173858
14173996
14174115
14174268
14174333
14174360
14174366
14174401
14174401
14174707
14174841
14174913
14175045
14175293
14175797
14175820
14176054
14176107
14176285
14176744
14176744
14177080
14177116
14177161
14177167
14177364
14177388
14177569
14177842
14177970
14178129
14178139
14178161
14178254
14178399
14178420
14178888
14179413
14179433
14179555
14179616
14179678
14179952
14180102
14180213
14180394
14180433
14180610
14180620
14181456
14181700
14181794
14182153
14182170
14182233
14182348
14182367
14182374
14182553
14182567
14182683
14182841
14183452
14183473
14183973
14184025
14184138
14184672
14185864
14185909
14185965
14186457
14186556
14186657
14186745
14186882
14186930
14187032
14187288
14187394
14187644
14187664
14187733
14187813
14188012
14188016
14188276
14188305
14188435
14188856
14188952
14189332
14189443
14189588
14189717
14189836
14190087
14190229
14190243
14190518
14190559
14190712
14190773
14190796
14190923
14191364
14191484
14191604
14191693
14191705
14191733
14191789
14191807
14192175
14192273
14192688
14192992
14193000
14193490
14193591
14193596
14193630
14193727
14193882
14194052
14194075
14194254
14194395
14194449
14194471
14194843
14194994
14195168
14195346
14195435
14195475
14195515
14195555
14195570
14195761
14195908
14196041
14196351
14196500
14196555
14196646
14196659
14196743
14196942
14197081
14197366
14197484
14197601
14197725
14197867
14197932
14197942
14197986
14198571
14198583
14198661
14198670
14198814
14198878
14198919
14199087
14199502
14199712
14199867
14199911
14199919
14199990
14200072
14200089
14200171
14200558
14200580
14200607
14200810
14200823
14201314
14201485
14201550
14201705
14201851
14201881
14201947
14202033
14202108
14202186
14202287
14202317
14202459
14202597
14202761
14203027
14203081
14203369
14203392
14203777
14203939
14203985
14204043
14204310
14204365
14204394
14204485
14204652
14204712
14204794
14204947
14204948
14205011
14205403
14205474
14205627
14205746
14205768
14205905
14205915
14205936
14206137
14206427
14206500
14206591
14206902
14206937
14207015
14207262
14207274
14207700
14207712
14207720
14207776
14208003
14208206
14208222
14208971
14209250
14209377
14209486
14209744
14209817
14209879
14209898
14209922
14210075
14210116
14210147
14210277
14210394
14210486
14210694
14210725
14210726
14211146
14211466
14211532
14211533
14211688
14211937
14211963
14212272
14212587
14212730
14212869
14212974
14213189
14213320
14213652
14213819
14214104
14214465
14214670
14214678
14214724
14215036
14215132
14215477
14215558
14215626
14216409
14216734
14216922
14216975
14217404
14217546
14217609
14217767
14217792
14217809
14217911
14217922
14218037
14218229
14218254
14218481
14218637
14218643
14218708
14218711
14218813
14218974
14218992
14219234
14219241
14219405
14219720
14220145
14220650
14220724
14220889
14220911
14221442
14221554
14221579
14221936
14222027
14222210
14222290
14222317
14222535
14222542
14222665
14222987
14222995
14223063
14223207
14223239
14223311
14223849
14223956
14224117
14224524
14224611
14224671
14224717
14224721
14224803
14224817
14224962
14225003
14225121
14225374
14225472
14225790
14225870
14225999
14226019
14226090
14226174
14226277
14226370
14226400
14226449
14226472
14226544
14226698
14226703
14226824
14226829
14226881
14226952
14227240
14227392
14227430
14227527
14227550
14227560
14227588
14227656
14227716
14228069
14228272
14228431
14228472
14228578
14228626
14228644
14228660
14228974
14229138
14229241
14229494
14229882
14230385
14230410
14230559
14230988
14231179
14231230
14231304
14231377
14231443
14231574
14231586
14231781
14231988
14232436
14232522
14232886
14233084
14233102
14233320
14233435
14233556
14233870
14233958
14234005
14234168
14234238
14234426
14234797
14234921
14235158
14235311
14235319
14235345
14235363
14235387
14235497
14235570
14235682
14235853
14235863
14235900
14235900
14236007
14236054
14236116
14236160
14236221
14236362
14236398
14236691
14236879
14237020
14237057
14237198
14237518
14237555
14237623
14237730
14237987
14238051
14238331
14238335
14238633
14238857
14238915
14239619
14239674
14239748
14239826
14240002
14240085
14240354
14240527
14240534
14240791
14240925
14240927
14240944
14241314
14241563
14241775
14241853
14241928
14242492
14242612
14243011
14243143
14243393
14243543
14243631
14243635
14243819
14244002
14244037
14244308
14244635
14244700
14244703
14244941
14245019
14245029
14245029
14245146
14245206
14245291
14245360
14245712
14246229
14246249
14246584
14247004
14247463
14247503
14247838
14247878
14248157
14248343
14248394
14248534
14248582
14248681
14248815
14248918
14248926
14248928
14249025
14249777
14250480
14250829
14250839
14250873
14250911
14251013
14251381
14251527
14251560
14251567
14251743
14251970
14252832
14253069
14253174
14253301
14253569
14254099
14254122
14254449
14254461
14254510
14254684
14254767
14254822
14254882
14255071
14255109
14255337
14255366
14255944
14256014
14256177
14256229
14256339
14256498
14256507
14256522
14256832
14256904
14257260
14257387
14257423
14257584
14258185
14258240
14258318
14258818
14258859
14258972
14259121
14259191
14259383
14259389
14259628
14259667
14259669
14259916
14260121
14260173
14260259
14260430
14260605
14260712
14260859
14260937
14261005
14261038
14261078
14261106
14261560
14261728
14261731
14261797
14262079
14262198
14262318
14262412
14262879
14263000
14263199
14263237
14263320
14263348
14263384
14263977
14264001
14264031
14264056
14264312
14264585
14264828
14264962
14264970
14265060
14265305
14265566
14265609
14266150
14266401
14266423
14266544
14266744
14266749
14266762
14266783
14266823
14266874
14266941
14266998
14267073
14267174
14267304
14267461
14267542
14267613
14267627
14267771
14268025
14268505
14268637
14268739
14268787
14268963
14269046
14269295
14269698
14270084
14270682
14270705
14270839
14270948
14270979
14271269
14271638
14271737
14272045
14272104
14272162
14272166
14272207
14272291
14272419
14272423
14272486
14272620
14272721
14272764
14272782
14272891
14272977
14273433
14273504
14273526
14273531
14273546
14273735
14273831
14273940
14273940
14274023
14274052
14274361
14274398
14274727
14274905
14275069
14275247
14275781
14275835
14275952
14276276
14276371
14276732
14277046
14277290
14277346
14277524
14277711
14277767
14278050
14278161
14278221
14278384
14278509
14278689
14278748
14278931
14279068
14279475
14279651
14279948
14280317
14280371
14280415
14280647
14280855
14280934
14280947
14281074
14281079
14281173
14281210
14281293
14281331
14281350
14281526
14281906
14282006
14282033
14282223
14282319
14282444
14282691
14282920
14283200
14283378
14283384
14283537
14284144
14284231
14284338
14284345
14284676
14284786
14285036
14285279
14285660
14285879
14285944
14286103
14286335
14286382
14286401
14286632
14286847
14287332
14287724
14287746
14287911
14287960
14288178
14288316
14288471
14288533
14288619
14288751
14288754
14288792
14288867
14288872
14288962
14288969
14289292
14289641
14289919
14289951
14290115
14290147
14290567
14290626
14290660
14291024
14291403
14291782
14292099
14292164
14293013
14293105
14293412
14293450
14293525
14293589
14293719
14293738
14293787
14293796
14293986
14294003
14294081
14294099
14294301
14294624
14294770
14294819
14295208
14295334
14295445
14295590
14296001
14296077
14296161
14296204
14296274
14296293
14296508
14296611
14296788
14297164
14297361
14297407
14297471
14297517
14297784
14297801
14297873
14298181
14298186
14298234
14298272
14298405
14298437
14298660
14299283
14299334
14299545
14299658
14299891
14300096
14300229
14300516
14300550
14300924
14301081
14301201
14301244
14301450
14301497
14301582
14301680
14301742
14301968
14302008
14302121
14302175
14302203
14302450
14302745
14302746
14302799
14302969
14303040
14303324
14303349
14303361
14303428
14303454
14303467
14303528
14303581
14303637
14303638
14304318
14304433
14304710
14304730
14305787
14305976
14306002
14306449
14306553
14306575
14306679
14306764
14306824
14306973
14307043
14307254
14307413
14307547
14307665
14307817
14307861
14307993
14308014
14308034
14308349
14308432
14308442
14308504
14308553
14308553
14308624
14308706
14308866
14309127
14309153
14309188
14309204
14309334
14309383
14309550
14309701
14309743
14310138
14310196
14310263
14310675
14310700
14310856
14310937
14311286
14311295
14311334
14311478
14311540
14311558
14311599
14311682
14312515
14312840
14312879
14312900
14312939
14312972
14313050
14313105
14313109
14313611
14313618
14313991
14314210
14314270
14314285
14314437
14314995
14315585
14315762
14315773
14315870
14315997
14316155
14316192
14316448
14316521
14316582
14316880
14316903
14316971
14317030
14317051
14317252
14317348
14317349
14317575
14317605
14317702
14318224
14318532
14319182
14319576
14319839
14319904
14319994
14320094
14320560
14320637
14320683
14320979
14321067
14321235
14321239
14321746
14321749
14321959
14322052
14322126
14322297
14322342
14322393
14322729
14322764
14322893
14323032
14323336
14323449
14323911
14323955
14324021
14324125
14324237
14324237
14324238
14324290
14324296
14324372
14324733
14324843
14325100
14325171
14325182
14325310
14325563
14325671
14325692
14325838
14326133
14326526
14326735
14326825
14326861
14326938
14327012
14327134
14327496
14327617
14327928
14328274
14328471
14328539
14328583
14328649
14328871
14328957
14329626
14329649
14329771
14329819
14329825
14329909
14330014
14330366
14330674
14330719
14331028
14331353
14331597
14332014
14332469
14332610
14332772
14332889
14332901
14333027
14333211
14333517
14333586
14333591
14333890
14333892
14333915
14334173
14334264
14334569
14334782
14334839
14335389
14335513
14335617
14335665
14335694
14335751
14335818
14335835
14335942
14336009
14336199
14336296
14336553
14336631
14336857
14337161
14337234
14337427
14337435
14337673
14337713
14337781
14337845
14337860
14338214
14338411
14338567
14338845
14338932
14339053
14339294
14339423
14339464
14339556
14339787
14339849
14340002
14340050
14340052
14340102
14340358
14340528
14340744
14340747
14340851
14340870
14340899
14340976
14341610
14341618
14341704
14341745
14341851
14341881
14342487
14342548
14342674
14342845
14343123
14343277
14343302
14343334
14343600
14343804
14343900
14344236
14344267
14344354
14344374
14344741
14344861
14344880
14345020
14345275
14345356
14345414
14345484
14345549
14345732
14345733
14345780
14345859
14345974
14346031
14346241
14346292
14346498
14346527
14346638
14346671
14346823
14347138
14347265
14347267
14347394
14347508
14347610
14347646
14347693
14347724
14347754
14348001
14348037
14348070
14348172
14348185
14348426
14348540
14348665
14348766
14348813
14348898
14348908
14348982
14349215
14349244
14349298
14349581
14349648
14349861
14349927
14350112
14350128
14350180
14350429
14350616
14350700
14350795
14350809
14350943
14351001
14351120
14351211
14351392
14351461
14351711
14351801
14351829
14351939
14352153
14352211
14352309
14352399
14352508
14352556
14352645
14352703
14352799
14352872
14353018
14353205
14353302
14353375
14353396
14353458
14353651
14353823
14353909
14354151
14354152
14354279
14354404
14354434
14354524
14354568
14354581
14354609
14354667
14354696
14354742
14354974
14355254
14355256
14355287
14355294
14355302
14355330
14355490
14356305
14356445
14356477
14356590
14356989
14357232
14357241
14357676
14357710
14357765
14357772
14358160
14358254
14358375
14358401
14358544
14359226
14359349
14359386
14359431
14359435
14359527
14359643
14359796
14359807
14359881
14359914
14359998
14360212
14360242
14360472
14360512
14360583
14360723
14361058
14361125
14361335
14361406
14361538
14361746
14361935
14362006
14362056
14362100
14362162
14362183
14362185
14362186
14362813
14362825
14362988
14363390
14363428
14363650
14363659
14363741
14363803
14363962
14363986
14364017
14364048
14364069
14364138
14364186
14364340
14364353
14364390
14364489
14365259
14365281
14365584
14365659
14365738
14365791
14365885
14366037
14366122
14366226
14366242
14366397
14366399
14366519
14366553
14366565
14366571
14366605
14366710
14366782
14366788
14366815
14367379
14367389
14367573
14367624
14367767
14367786
14367924
14367937
14367939
14368122
14368409
14368464
14368487
14368509
14368661
14368801
14368872
14368877
14368915
14369095
14369143
14369206
14369255
14369455
14369491
14369746
14369953
14370054
14370275
14370286
14370585
14370615
14370673
14370882
14371020
14371133
14371199
14371239
14371347
14371526
14371921
14371939
14371947
14372343
14372348
14372362
14372440
14372514
14372765
14372861
14373091
14373155
14373189
14373553
14373554
14373588
14373808
14373851
14374058
14374168
14374220
14374350
14374636
14374863
14375361
14375405
14375494
14375532
14375587
14375617
14375729
14375761
14376045
14376057
14376155
14376230
14376236
14376322
14376437
14376476
14376874
14376997
14377031
14377204
14377511
14377561
14377572
14377698
14377722
14377881
14377889
14377896
14378089
14378208
14378393
14378456
14378584
14378659
14378776
14378805
14378923
14379235
14379267
14379306
14379534
14379794
14379903
14379958
14380055
14380095
14380489
14380635
14380776
14380835
14381049
14381100
14381156
14381402
14381526
14381687
14381814
14381876
14382078
14382096
14382329
14382660
14382674
14383239
14383273
14383303
14383391
14383686
14383780
14383792
14383918
14384440
14384974
14385025
14385085
14385146
14385399
14385566
14385754
14385817
14385845
14385945
14386030
14386087
14386530
14386666
14386830
14386843
14387086
14387180
14387428
14387678
14387718
14387846
14387873
14387879
14388513
14388518
14388528
14388550
14389326
14389495
14389585
14389645
14389708
14389811
14390099
14390156
14390215
14390408
14390685
14391234
14391326
14391407
14391492
14391495
14391674
14391804
14391886
14391887
14391889
14392068
14392203
14392244
14392274
14392385
14392404
14392679
14392828
14392882
14392884
14393029
14393148
14393458
14393579
14393712
14393782
14393910
14393974
14394027
14394178
14394317
14394344
14394378
14394655
14394701
14395134
14395248
14395371
14395591
14395718
14395838
14395859
14396191
14396483
14396620
14396734
14396821
14397073
14397207
14397332
14397359
14397374
14397443
14398111
14398259
14398267
14398315
14398503
14398530
14398687
14399064
14399183
14399235
14399252
14399267
14399350
14399431
14399470
14400019
14400127
14400203
14400360
14400731
14400775
14400777
14400939
14401033
14401068
14401073
14401262
14401296
14401377
14401460
14401658
14401795
14401900
14402018
14402036
14402043
14402118
14402535
14402701
14402819
14402831
14403112
14403130
14403238
14403384
14403443
14403443
14403677
14403749
14403752
14404274
14404650
14404737
14404793
14404944
14405198
14405244
14405385
14405419
14405550
14405676
14405684
14405734
14405958
14405999
14406035
14406208
14406329
14406392
14406524
14406557
14406562
14406596
14406607
14406668
14406727
14406884
14407175
14407208
14407292
14407537
14407590
14407892
14408032
14408045
14408088
14408343
14408553
14408746
14408916
14408967
14409088
14409171
14409312
14409322
14409336
14409864
14410044
14410275
14410336
14410355
14410476
14410553
14410626
14410648
14410812
14410888
14411029
14411069
14411089
14411221
14411280
14411437
14411455
14411624
14412052
14412178
14412244
14412395
14412764
14412961
14413048
14413509
14413712
14413851
14413948
14414018
14414019
14414025
14414073
14414227
14414618
14414808
14415067
14415069
14415162
14415168
14415207
14415217
14415330
14415577
14415644
14415948
14415969
14416030
14416478
14416537
14416688
14416723
14416773
14416793
14416798
14416839
14416846
14416847
14416932
14417007
14417274
14417298
14417372
14417380
14417792
14417882
14418036
14418039
14418116
14418161
14418624
14418667
14419085
14419151
14419353
14419388
14419687
14419829
14419943
14419973
14420002
14420240
14420405
14420658
14420907
14420950
14420971
14421110
14421145
14421170
14421425
14421453
14421547
14421686
14421702
14421773
14421919
14422003
14422085
14422107
14422195
14422340
14422374
14422494
14422503
14422506
14422677
14422704
14423050
14423376
14423383
14423405
14423452
14423485
14424054
14424080
14424292
14424525
14424588
14424614
14424683
14424922
14425035
14425260
14425337
14425417
14425562
14425598
14425678
14425908
14426055
14426204
14426301
14426307
14426663
14426983
14426985
14427272
14427308
14427369
14427466
14427573
14427631
14427698
14427793
14427891
14427922
14427945
14428275
14428403
14428665
14428742
14428876
14429201
14429331
14429579
14429765
14429805
14429936
14430086
14430277
14430547
14430723
14430738
14430745
14430993
14431026
14431195
14431351
14431448
14431518
14431552
14431574
14431660
14431730
14432191
14432247
14432350
14432356
14432612
14432907
14432961
14433049
14433068
14433349
14433519
14433546
14433812
14433980
14434183
14434410
14434604
14434609
14434666
14434836
14434850
14434890
14434975
14435068
14435209
14435253
14436097
14436131
14436184
14436285
14436346
14436875
14436896
14437002
14437287
14437299
14437359
14437492
14437517
14437545
14437649
14437674
14437791
14438552
14438559
14438745
14438769
14438824
14438865
14439036
14439402
14439436
14439800
14439948
14439959
14440261
14440450
14440627
14440652
14440687
14440832
14440904
14441115
14441129
14441197
14441227
14441291
14441711
14441725
14441789
14441797
14441991
14442003
14442006
14442022
14442184
14442294
14442639
14443043
14443230
14443465
14443669
14443791
14443919
14444077
14444239
14444273
14444280
14444376
14444506
14444576
14444587
14444655
14444928
14445173
14445184
14445207
14445297
14445329
14445758
14446055
14446058
14446099
14446138
14446325
14446400
14446404
14446418
14446500
14446722
14446785
14446819
14446977
14447033
14447139
14447226
14447314
14447488
14447492
14447883
14448077
14448139
14448237
14448795
14448840
14449386
14449494
14449545
14449575
14449590
14449640
14449706
14449824
14450065
14450244
14450319
14450393
14450395
14450409
14450418
14450480
14450511
14450579
14450968
14451037
14451104
14451324
14451360
14451667
14452041
14452827
14452961
14452980
14453127
14453442
14453568
14453701
14453847
14453965
14453977
14453993
14454056
14454151
14454348
14454546
14454551
14454679
14454715
14454736
14454813
14454935
14454948
14455105
14455218
14455221
14455335
14455836
14456247
14456385
14457003
14457150
14457485
14457551
14457626
14457768
14458018
14458040
14458067
14458609
14458737
14459209
14459323
14460040
14460227
14460378
14460388
14460403
14460563
14460651
14460711
14460749
14460767
14460982
14461448
14461568
14461735
14461840
14462080
14462158
14462260
14462438
14462480
14462688
14462965
14462984
14463186
14463742
14463744
14463896
14464108
14464174
14464202
14464439
14464886
14464896
14465036
14465269
14465290
14465617
14465769
14466156
14466292
14466328
14466367
14466374
14466758
14467050
14467195
14467266
14467406
14467443
14467492
14467779
14467780
14467796
14467995
14468143
14468157
14468437
14468444
14468537
14468865
14469106
14469156
14469287
14469372
14469509
14469594
14469607
14469616
14469695
14469762
14469862
14469893
14469967
14470284
14470599
14470648
14470694
14470777
14470787
14471077
14471110
14471129
14471675
14471736
14471772
14471900
14471989
14472266
14472268
14472467
14472513
14472568
14473359
14473453
14473529
14473778
14473961
14474056
14474102
14474441
14474600
14474735
14475167
14475422
14475670
14475697
14475770
14475774
14476126
14476224
14476399
14476412
14476418
14476824
14476919
14476980
14477031
14477739
14477885
14477980
14478057
14478174
14478454
14478542
14478629
14478664
14478934
14479078
14479144
14479375
14479391
14479449
14479659
14479920
14480154
14480232
14480276
14480300
14480390
14480433
14480438
14480471
14481364
14481609
14481752
14481820
14481912
14482127
14482258
14482267
14482381
14482610
14482733
14482919
14482961
14483296
14483397
14483422
14483739
14483760
14483933
14483959
14484041
14484078
14484253
14484295
14484440
14484504
14484686
14484733
14484814
14484968
14485258
14485601
14485637
14485943
14486287
14486515
14486767
14487008
14487012
14487270
14487594
14487640
14487870
14488059
14488129
14488201
14488367
14488384
14488567
14488771
14488848
14488972
14488990
14489114
14489255
14489267
14489459
14489557
14489568
14489569
14489577
14489679
14489681
14489725
14489802
14489812
14489965
14490112
14490246
14490276
14490422
14490503
14490748
14490914
14490941
14491037
14491148
14491343
14491464
14491544
14491562
14491694
14491707
14491928
14492026
14492228
14492261
14492539
14492710
14492857
14492897
14492915
14493216
14493556
14493719
14493763
14493985
14494173
14494270
14494407
14494563
14495285
14495399
14495594
14495655
14495657
14495722
14495989
14496075
14496176
14497019
14497105
14497239
14497304
14497443
14497761
14498194
14498666
14498813
14498819
14499090
14499228
14499269
14499292
14499406
14499470
14499784
14500339
14500340
14500473
14500590
14500745
14500853
14500876
14500936
14501122
14501325
14501346
14501383
14501462
14501530
14501645
14501803
14501851
14501851
14501877
14502156
14502187
14502296
14502335
14502366
14502408
14502432
14503019
14503099
14503296
14503308
14503525
14503778
14503870
14503922
14504084
14504093
14504827
14504964
14505064
14505068
14505213
14505353
14505385
14505591
14505726
14505838
14506224
14506250
14506466
14506703
14506749
14506784
14507046
14507323
14507327
14507580
14507652
14507730
14507804
14507945
14508063
14508146
14508286
14508523
14508557
14508925
14508940
14509518
14509566
14509605
14509608
14509951
14509979
14510086
14510135
14510139
14510244
14510313
14510335
14510525
14510854
14510944
14511329
14511354
14511860
14512134
14512136
14512324
14512362
14512437
14512437
14512746
14512867
14512940
14512965
14512984
14513185
14513223
14513346
14513444
14513645
14513824
14514096
14514121
14514272
14514379
14514592
14514633
14514706
14514712
14514786
14514848
14514982
14514997
14515181
14515524
14515626
14515754
14515960
14516195
14516431
14516524
14516594
14516744
14516799
14516974
14517030
14517072
14517213
14517437
14517454
14517633
14517654
14517817
14517817
14518053
14518126
14518152
14518434
14518594
14518831
14518875
14519050
14519125
14519209
14519509
14519526
14520035
14520070
14520136
14520297
14520353
14520423
14520583
14520725
14520885
14520947
14520968
14521474
14521864
14522099
14522139
14522278
14522323
14522471
14522996
14523043
14523071
14523183
14523404
14523573
14523583
14523676
14523683
14523960
14524040
14524184
14524189
14524239
14524398
14524455
14524529
14524531
14524668
14524697
14524699
14524708
14524955
14525010
14525228
14525246
14525292
14525526
14525945
14526084
14526087
14526098
14526123
14526392
14526466
14526662
14526749
14526864
14527153
14527168
14527612
14527700
14528007
14528013
14528336
14528543
14528677
14528836
14529179
14529385
14529954
14530038
14530101
14530107
14530181
14530467
14530578
14530834
14530849
14531100
14531154
14531176
14531309
14531446
14531704
14531728
14531794
14531906
14531920
14532040
14532145
14532561
14532729
14532729
14532766
14532898
14532950
14532951
14532955
14532955
14533178
14533181
14533222
14533243
14533650
14533722
14533737
14533821
14533884
14533995
14534032
14534239
14534266
14534593
14534600
14534629
14534942
14534962
14535046
14535183
14535201
14535348
14535489
14535624
14535650
14535750
14535810
14535933
14535945
14536007
14536253
14536350
14536634
14536733
14536873
14536992
14537027
14537130
14537326
14537351
14537443
14537535
14537646
14537649
14537920
14537952
14538058
14538298
14538341
14539012
14539080
14539124
14539139
14539190
14539646
14539849
14539903
14540137
14540340
14540620
14540627
14541052
14541334
14541361
14541405
14541406
14541500
14541552
14541764
14541837
14541861
14541927
14542255
14542265
14542354
14542454
14542748
14543140
14543266
14543342
14543505
14543757
14543796
14543798
14543899
14544063
14544285
14544316
14544471
14544514
14544860
14545123
14545291
14545403
14545502
14545571
14545709
14545716
14545928
14545953
14546026
14546043
14546118
14546267
14547104
14547267
14547389
14547428
14547822
14547907
14548033
14548145
14548150
14548278
14548291
14548300
14548365
14548444
14548538
14548835
14548838
14548913
14548929
14549023
14549325
14549498
14550452
14550494
14550912
14551128
14551328
14551413
14551461
14551468
14551473
14551618
14551865
14551947
14552143
14552521
14552545
14552789
14552839
14552864
14553056
14553060
14553101
14553147
14553324
14553370
14553545
14553795
14553870
14554103
14554179
14554217
14554475
14554800
14554846
14554868
14554972
14555304
14555420
14555724
14555786
14555973
14556149
14556186
14556399
14556463
14556733
14556808
14556904
14557054
14557200
14557474
14557712
14557841
14557845
14557854
14557939
14558162
14558348
14558355
14558391
14558397
14558415
14558612
14558741
14558801
14558845
14558971
14559116
14559273
14559300
14559463
14559600
14559700
14559790
14559945
14560070
14560227
14560310
14560341
14560375
14560425
14560635
14560768
14560887
14561057
14561572
14561592
14561641
14561899
14562173
14562222
14562308
14562485
14562832
14562844
14563011
14563186
14563288
14563333
14563471
14563921
14563974
14564138
14564207
14564289
14564610
14564749
14564777
14564875
14564955
14565066
14565371
14565671
14566179
14566657
14566826
14566983
14567032
14567087
14567173
14567223
14567602
14567816
14567946
14567956
14568132
14568262
14568398
14568610
14568693
14568774
14568858
14568868
14568899
14569031
14569037
14569262
14569358
14569551
14569978
14570366
14570435
14570514
14570570
14570577
14570659
14570672
14570691
14570855
14570894
14570995
14571653
14571908
14571926
14571992
14572221
14572275
14572292
14572559
14572819
14572957
14573037
14573105
14573169
14573187
14573197
14573491
14573557
14573794
14573911
14574210
14574258
14574520
14574665
14574764
14574933
14575007
14575039
14575049
14575130
14575496
14575508
14575682
14575742
14575970
14576106
14576322
14576365
14576593
14577015
14577031
14577167
14577254
14577512
14577558
14577878
14577902
14578075
14578104
14578151
14578183
14578306
14578405
14578977
14578980
14578988
14579016
14579237
14579354
14579404
14579413
14579477
14579599
14579709
14579765
14579944
14580114
14580184
14580340
14580391
14580608
14580664
14580792
14580852
14581014
14581139
14581175
14581279
14581456
14581696
14581807
14581902
14582021
14582078
14582082
14582098
14582167
14582291
14582527
14582535
14583175
14583473
14583495
14583509
14583570
14583661
14583936
14583940
14584098
14584279
14584309
14584646
14584716
14584742
14584815
14585058
14585494
14585513
14585664
14585738
14585751
14585777
14585868
14585946
14586113
14586349
14586406
14586450
14586482
14586493
14586617
14586668
14586704
14586730
14586803
14587039
14587054
14587364
14587381
14587466
14587759
14587788
14587874
14587884
14587916
14588178
14588184
14588246
14588320
14588465
14588477
14588598
14588620
14588676
14588716
14588806
14588845
14588903
14589312
14589324
14589628
14589670
14589687
14589717
14590480
14590536
14590545
14590923
14591421
14591424
14591867
14591868
14591942
14592217
14592414
14592788
14592824
14592826
14592844
14592870
14592897
14593106
14593108
14593314
14593403
14593463
14593654
14593717
14594265
14594301
14594314
14594336
14594421
14594588
14594613
14594645
14594978
14595751
14595967
14596354
14596749
14596752
14597157
14597300
14597336
14597384
14597650
14597932
14598105
14598144
14598155
14598358
14598372
14598416
14598590
14599110
14599292
14599304
14599387
14599441
14599710
14599761
14599949
14600009
14600086
14600216
14600271
14600317
14600601
14600786
14601152
14601178
14601392
14601440
14601919
14601988
14601989
14602019
14602057
14602184
14602391
14602452
14602549
14602739
14603005
14603512
14603573
14603578
14603636
14603657
14603739
14604128
14604191
14604574
14604656
14604664
14604702
14605130
14605225
14605274
14605277
14605289
14605402
14605615
14605674
14605844
14605971
14606166
14606257
14606397
14606498
14606788
14606859
14607156
14607192
14607609
14607693
14607699
14607868
14608050
14608184
14608436
14608477
14608500
14608707
14608876
14609125
14609290
14609396
14609402
14609584
14610297
14610334
14610383
14610392
14610503
14610528
14610530
14610553
14610557
14610975
14611074
14611104
14611104
14611349
14611379
14611547
14611579
14611702
14611737
14611828
14611902
14612132
14612197
14612607
14612752
14612936
14612964
14613029
14613104
14613599
14613640
14613740
14614543
14614723
14615183
14615204
14615257
14615274
14615330
14615410
14615428
14615748
14615984
14615999
14616103
14616259
14616544
14616606
14616743
14616761
14616766
14616823
14616909
14617002
14617068
14617379
14617526
14617649
14617850
14617918
14617967
14617976
14618006
14618022
14618068
14618209
14618244
14618316
14618362
14618421
14618557
14618594
14619036
14619103
14619210
14619431
14619515
14619712
14619713
14619858
14619958
14620426
14620468
14620568
14620642
14620687
14620742
14620946
14621106
14621180
14621729
14621799
14621832
14622099
14622229
14622384
14622748
14622796
14622841
14622900
14622968
14623052
14623226
14623299
14623442
14623525
14623539
14623748
14623883
14623898
14624017
14624139
14624232
14624281
14624291
14624581
14624613
14624924
14625000
14625204
14625249
14625457
14625600
14625643
14625658
14625672
14625968
14626096
14626194
14626368
14626530
14626624
14626802
14627126
14627130
14627349
14627571
14627578
14627659
14627662
14627767
14627783
14627865
14627957
14628117
14628242
14628334
14628459
14628514
14628618
14628763
14628833
14628872
14628957
14628990
14629051
14629183
14629394
14629494
14629680
14629759
14629783
14630012
14630039
14630230
14630282
14630283
14630380
14630709
14630768
14630804
14630806
14630918
14631022
14631490
14631554
14631731
14631928
14631930
14631930
14632193
14632246
14632520
14632635
14632686
14632692
14632720
14633058
14633414
14633419
14633489
14633575
14633584
14633641
14633851
14634411
14634607
14634873
14634982
14635549
14635600
14635649
14635677
14635931
14636236
14636409
14636675
14636886
14636936
14637070
14637072
14637200
14637215
14637241
14637399
14637425
14637547
14637553
14637666
14637718
14637741
14637985
14638124
14638546
14638547
14638751
14638766
14638875
14638923
14639053
14639225
14639536
14639723
14639813
14639874
14639963
14640047
14640079
14640194
14640201
14640446
14640494
14640502
14640555
14640872
14641503
14641596
14641741
14641852
14641874
14642035
14642077
14642079
14642133
14642398
14642423
14642444
14642485
14642577
14642669
14642685
14642767
14642893
14643019
14643038
14643324
14643454
14643495
14643509
14644098
14644106
14644420
14644633
14645266
14645373
14645687
14645768
14646084
14646352
14646408
14646949
14647055
14647586
14647746
14647957
14648039
14648292
14648551
14649040
14649163
14649266
14649283
14649417
14649531
14649762
14649817
14649926
14650023
14650254
14650273
14650276
14650354
14650608
14650668
14650684
14651192
14651230
14651324
14651441
14651596
14651743
14651893
14651940
14652044
14652100
14652144
14652240
14652274
14652452
14652554
14652718
14652761
14652762
14653050
14653089
14653103
14653139
14653367
14653405
14653464
14653499
14653522
14653964
14654113
14654149
14654522
14654546
14654764
14654911
14655404
14655423
14655536
14655742
14655819
14656316
14656338
14656657
14656783
14656856
14656921
14657014
14657014
14657298
14657312
14657418
14657485
14657551
14657586
14657678
14657720
14657925
14658010
14658232
14658253
14658814
14658922
14659001
14659003
14659031
14659131
14659719
14659830
14660161
14660364
14660581
14660876
14660882
14660942
14661082
14661273
14661293
14661525
14661672
14661725
14662108
14662244
14662373
14662608
14662938
14663559
14663643
14663691
14663750
14663802
14663827
14663929
14663980
14663983
14664182
14664229
14664623
14664708
14664885
14664923
14665574
14665843
14665909
14665983
14666156
14666257
14666412
14666438
14666717
14666739
14666913
14667170
14667205
14667275
14667379
14667568
14667579
14667659
14667731
14667892
14668230
14668578
14668580
14669356
14669556
14669699
14669867
14670188
14670352
14670385
14670496
14670795
14670909
14671025
14671107
14671178
14671466
14671539
14671630
14671643
14671806
14671849
14671880
14672163
14672178
14672195
14672253
14672362
14672569
14672581
14672630
14672633
14672696
14672965
14673014
14673279
14673403
14673505
14673823
14673838
14673861
14673910
14674125
14674647
14675147
14675236
14675354
14675356
14675436
14675448
14675608
14675643
14675708
14676246
14676472
14676555
14676603
14676688
14676872
14676978
14677118
14677179
14677542
14677681
14677815
14677925
14678561
14678946
14679269
14679381
14679409
14679410
14679487
14679751
14680028
14680043
14680194
14680362
14680419
14680502
14680767
14680916
14680928
14680976
14681007
14681454
14681606
14681745
14682017
14682344
14682397
14683028
14683106
14683169
14683197
14683229
14683558
14683651
14683756
14683984
14684027
14684073
14684099
14684126
14684149
14684184
14684299
14684589
14684627
14684661
14684789
14684836
14685009
14685135
14685325
14685526
14685577
14685859
14686175
14686213
14686509
14686787
14686942
14687079
14687298
14687519
14687543
14687548
14687624
14687685
14687730
14687826
14688050
14688077
14688118
14688167
14688259
14688293
14688309
14688415
14688460
14688541
14688585
14688657
14688815
14688932
14688950
14689005
14689218
14689767
14689874
14690502
14690893
14690913
14691023
14691046
14691172
14691334
14691518
14691621
14692052
14692079
14692350
14692399
14692491
14692724
14692822
14692952
14693029
14693099
14693106
14693404
14693578
14693629
14693946
14693994
14694168
14694240
14694499
14694568
14694589
14694746
14694825
14695243
14695327
14695591
14695742
14696003
14696348
14696394
14696410
14696684
14697126
14697240
14697259
14697397
14698028
14698439
14698821
14698988
14698990
14699001
14699051
14699364
14699865
14699964
14700054
14700251
14700433
14700604
14700822
14701044
14701356
14701649
14701691
14701956
14702004
14702272
14702685
14702695
14702807
14702927
14703105
14703253
14703543
14703550
14703734
14703805
14703840
14703927
14703957
14704182
14704341
14704429
14704562
14704612
14704820
14704833
14704837
14704930
14705160
14705164
14705258
14705277
14705346
14705412
14705469
14705693
14705748
14705927
14706085
14706102
14706239
14706347
14706351
14706569
14706638
14706761
14707048
14707071
14707100
14707137
14707353
14707798
14707879
14707902
14707940
14707982
14708070
14708145
14708213
14708396
14708935
14709251
14709253
14709269
14709423
14709486
14709594
14709603
14710001
14710091
14710192
14710239
14710297
14710339
14710369
14710521
14711367
14711444
14711469
14711624
14711979
14712056
14712155
14712328
14712351
14712416
14712430
14712555
14712815
14713470
14713667
14713674
14713838
14713958
14714134
14714230
14714247
14714370
14714683
14714904
14715036
14715209
14715225
14715374
14715521
14715707
14715872
14715943
14715989
14716289
14716361
14716476
14716561
14716704
14716963
14717383
14717426
14717448
14717681
14717684
14717719
14717722
14717766
14717984
14718089
14718305
14718365
14718378
14718498
14719025
14719068
14719110
14719399
14720449
14720511
14720772
14720776
14720818
14721005
14721019
14721207
14721426
14721477
14721583
14721610
14721754
14721825
14721840
14722080
14722402
14722500
14723082
14723141
14723337
14723402
14723542
14723542
14723792
14723869
14723975
14723990
14724188
14724312
14724382
14724441
14724624
14724886
14725078
14725140
14725279
14725785
14725813
14725851
14726059
14726169
14726376
14726401
14726458
14726628
14726678
14726732
14726756
14726927
14726927
14727301
14727728
14727988
14728005
14728145
14728153
14728277
14728519
14728551
14728618
14728934
14729104
14729169
14729500
14729561
14729596
14729772
14730107
14730132
14730184
14730272
14730317
14730456
14730663
14730681
14730979
14731017
14731377
14731663
14731732
14731971
14732059
14732249
14732287
14732460
14733019
14733145
14733230
14733257
14733563
14733697
14733705
14733820
14733908
14734285
14734449
14734940
14735047
14735069
14735307
14735415
14735463
14735598
14735934
14736293
14736665
14736887
14736927
14737030
14737128
14737149
14737152
14737349
14737393
14737772
14738111
14738515
14738685
14738851
14738905
14738952
14739112
14739261
14739451
14739612
14739773
14739886
14739947
14739995
14740556
14740723
14740852
14741054
14741115
14741118
14741145
14741268
14741418
14741600
14741659
14741853
14741891
14742202
14742391
14742398
14742451
14742551
14742970
14743140
14743164
14743269
14743701
14743899
14744164
14744178
14744210
14744314
14744506
14744614
14744683
14744737
14744751
14744804
14744826
14744846
14744859
14744867
14745222
14745365
14745423
14745763
14745840
14746256
14746257
14746317
14746502
14746638
14746696
14746700
14746768
14746977
14747150
14747183
14747392
14747683
14747929
14748270
14748812
14748870
14748970
14749003
14749006
14749151
14749224
14749287
14749369
14749406
14749818
14750040
14750153
14750603
14750622
14750932
14750991
14751627
14751638
14751745
14752039
14752071
14752156
14752212
14752444
14752561
14752762
14753152
14753311
14753383
14753791
14753940
14753971
14754073
14754196
14754267
14754355
14754428
14754587
14754700
14754813
14755654
14755926
14756027
14756270
14756482
14756604
14756886
14757135
14757156
14757434
14757674
14758026
14758136
14758201
14758237
14758277
14758438
14758455
14758684
14758697
14758740
14759038
14759128
14759208
14759288
14759604
14759618
14759938
14759946
14760189
14760202
14760486
14760587
14760598
14760668
14760701
14761009
14761185
14761221
14761462
14761750
14761949
14761994
14762264
14762427
14762439
14762503
14762618
14762629
14763096
14763361
14763540
14763671
14763712
14763817
14764476
14764657
14764807
14765427
14765506
14765932
14766362
14766496
14766755
14766805
14767001
14767024
14767393
14767407
14767961
14768311
14768447
14768484
14768550
14768711
14768914
14768925
14769071
14769100
14769276
14769279
14769743
14769762
14769826
14769853
14770058
14770365
14770482
14770506
14770638
14770829
14770909
14771062
14771223
14771313
14771359
14771417
14771522
14771537
14771596
14771608
14772079
14772144
14772377
14772519
14772542
14772623
14772780
14772995
14773251
14773259
14773301
14773664
14773802
14773865
14774150
14774248
14774604
14774786
14774925
14774963
14775090
14775591
14775959
14776109
14776416
14776539
14776580
14776602
14776794
14777068
14777117
14777491
14777623
14777624
14777730
14777986
14778448
14778624
14778665
14778801
14778927
14778963
14778964
14779268
14779436
14779445
14779744
14779803
14779998
14780081
14780276
14780887
14781130
14781347
14781387
14781460
14781558
14781708
14781837
14781979
14782171
14782537
14783111
14783160
14783182
14783194
14783264
14783494
14783520
14784040
14784065
14784302
14784541
14784887
14785061
14785114
14785298
14785438
14785541
14786010
14786148
14786177
14786218
14786258
14786463
14786625
14786822
14786998
14787089
14787161
14787198
14787237
14787339
14787401
14787479
14787479
14787691
14787701
14787771
14787849
14788183
14788193
14788213
14788868
14789031
14789062
14789083
14789191
14789287
14789465
14789935
14790174
14790325
14790367
14790572
14790741
14790817
14790851
14790937
14790950
14791377
14791667
14791934
14792079
14792270
14792654
14793000
14793409
14793417
14793494
14793499
14793917
14793958
14794176
14794273
14794314
14794371
14794497
14794530
14794546
14794854
14794859
14794890
14794901
14794963
14795028
14795157
14795319
14795480
14795604
14795643
14795724
14795761
14796301
14796356
14796624
14796787
14796932
14797157
14797179
14797223
14797313
14797527
14797551
14797575
14797676
14797678
14797954
14798147
14798327
14798482
14798517
14798721
14798884
14799097
14799112
14799126
14799193
14799276
14799737
14799744
14799783
14799851
14799887
14800314
14800734
14801203
14801209
14801256
14801435
14801501
14801628
14801761
14801872
14802190
14802197
14802285
14802335
14802645
14803329
14803363
14803457
14803896
14803939
14804098
14804664
14804984
14805022
14805075
14805203
14805384
14805454
14805537
14806272
14806346
14806353
14806357
14806397
14806682
14806704
14806845
14806938
14807014
14807020
14807097
14807138
14807240
14807299
14807713
14807822
14807939
14808021
14808434
14808669
14808837
14809098
14809236
14809402
14809440
14809540
14809965
14809966
14810023
14810230
14810531
14810896
14810958
14811220
14811228
14811308
14811764
14812355
14812631
14812785
14812916
14813090
14813155
14813292
14813513
14813572
14813807
14814053
14814289
14814329
14814424
14814542
14814571
14814824
14814846
14814865
14815111
14815134
14815304
14815577
14815675
14815857
14815865
14815908
14815911
14815925
14815942
14816060
14816072
14816291
14816301
14816593
14816625
14816748
14816826
14816958
14816967
14817088
14817105
14817297
14817325
14817359
14817404
14817481
14817560
14817729
14817787
14817925
14817984
14818216
14818428
14818436
14818495
14818498
14818568
14818718
14818768
14818934
14819036
14819051
14819187
14819462
14819624
14819680
14819978
14820344
14820373
14820377
14820803
14820859
14821146
14821219
14821393
14821465
14821487
14821502
14822159
14822300
14822344
14822438
14822451
14822483
14822501
14822579
14822795
14822830
14822975
14823038
14823078
14823095
14823121
14823449
14823726
14823767
14823887
14824076
14824168
14824221
14824275
14824328
14824377
14824429
14824460
14824528
14824563
14824641
14824704
14824719
14824794
14825406
14825440
14825511
14825622
14825786
14825907
14825994
14826258
14826287
14826597
14826950
14827109
14827124
14827427
14827623
14827750
14827769
14827898
14827960
14828100
14828210
14828281
14828310
14828425
14829081
14829117
14829154
14829180
14829416
14829599
14829616
14829687
14829780
14829879
14829942
14830113
14830220
14830350
14830482
14830489
14830589
14830650
14830794
14830861
14831011
14831172
14831230
14831568
14831608
14831870
14831903
14832421
14832646
14832656
14832664
14832891
14833086
14833535
14833545
14833553
14833718
14833956
14834048
14834096
14834205
14834388
14834468
14834502
14835349
14835656
14836137
14836309
14836422
14836487
14836762
14836791
14837049
14837151
14837200
14837347
14837373
14837604
14837990
14837998
14838116
14838231
14838386
14838387
14838494
14838715
14839098
14839290
14839299
14839587
14839638
14839937
14839948
14840021
14840234
14840252
14840609
14840944
14840966
14841079
14841170
14841203
14841291
14841412
14841491
14841503
14841532
14841913
14842131
14842322
14842451
14843114
14843127
14843242
14843480
14843532
14843542
14843770
14844088
14844251
14844254
14844374
14844388
14844404
14844422
14844445
14844764
14844966
14845027
14845048
14845071
14845291
14845330
14845596
14845709
14845740
14845791
14845825
14845859
14846274
14846420
14846548
14846592
14846876
14846884
14846974
14847144
14847196
14847250
14847320
14847333
14847397
14847425
14847590
14847768
14847857
14847895
14848098
14848221
14848322
14848453
14848469
14848549
14848695
14848849
14849323
14849410
14849458
14849668
14849768
14849912
14849934
14849935
14850061
14850449
14850799
14850807
14851030
14851051
14851136
14851299
14851311
14851377
14851478
14851924
14852089
14852142
14852385
14852461
14852484
14852787
14852919
14853104
14853132
14853316
14853324
14853559
14853797
14853884
14853896
14853903
14854003
14854007
14854275
14854584
14854910
14855416
14855452
14855895
14855989
14856074
14856112
14856241
14856327
14856654
14856730
14856904
14857171
14857252
14857391
14857567
14858180
14858807
14859095
14859293
14859372
14859412
14859462
14859785
14860032
14860064
14860225
14860362
14860371
14860513
14860796
14860997
14861003
14861074
14861398
14861532
14861582
14861655
14861719
14861859
14861968
14862331
14862433
14863547
14863582
14863750
14863783
14863888
14863919
14864156
14864194
14864357
14864494
14864624
14864733
14864811
14865153
14865436
14865533
14865765
14866113
14866329
14866361
14866391
14866637
14866901
14866927
14867263
14867491
14867576
14867589
14867629
14867794
14867825
14868393
14868417
14868624
14868722
14868724
14869076
14869218
14869316
14869362
14869493
14869505
14869551
14869568
14869680
14869991
14870110
14870159
14870602
14870606
14870670
14870730
14870739
14871110
14871110
14871167
14871198
14871224
14871283
14871302
14871439
14871546
14871641
14871708
14871726
14871953
14872168
14872449
14872638
14872704
14872785
14872905
14872952
14872974
14873005
14873054
14873179
14873241
14873332
14873343
14873443
14873941
14873942
14874287
14874604
14874631
14874853
14874960
14875716
14875853
14875874
14875881
14876323
14876346
14876541
14876692
14876832
14876856
14877126
14877230
14877235
14877460
14877474
14877530
14877581
14877825
14877848
14877878
14878059
14878152
14878170
14878246
14878277
14878500
14878742
14878837
14878853
14878976
14879372
14879396
14879686
14879816
14879874
14879916
14880091
14880289
14880435
14880475
14880579
14880607
14880660
14880671
14880736
14880752
14881272
14881294
14881399
14881455
14881514
14881575
14881908
14882118
14882159
14882249
14882258
14882293
14882441
14882492
14882719
14882858
14882936
14883116
14883123
14883424
14883433
14883477
14883576
14883789
14883904
14883940
14884201
14884286
14884296
14884345
14884461
14884592
14884720
14884761
14885345
14885430
14885662
14885819
14886063
14886123
14886253
14886359
14886546
14886791
14886960
14886981
14886991
14887107
14887319
14887924
14887956
14888086
14888612
14888633
14888870
14889190
14889191
14889302
14889454
14889495
14889679
14889739
14889800
14889925
14890005
14890141
14890250
14890547
14890549
14890811
14890977
14891305
14891412
14891418
14891419
14891521
14891585
14891850
14891936
14892111
14892615
14892741
14892847
14893126
14893171
14893291
14893515
14893555
14893571
14893598
14893662
14893760
14893763
14893869
14894130
14894418
14894472
14894528
14894627
14894628
14894734
14894937
14895071
14895106
14895369
14895409
14895488
14895688
14895844
14896184
14896255
14896263
14896401
14896726
14896774
14896924
14896946
14897032
14897158
14897322
14897369
14897431
14897568
14897643
14897795
14897863
14898090
14898264
14898276
14898804
14898824
14898837
14898942
14899034
14899109
14899283
14899369
14899400
14899519
14899617
14899741
14899795
14899857
14899869
14900009
14900029
14900117
14900230
14900369
14900688
14900758
14900858
14901202
14901277
14901311
14901688
14902185
14902225
14902317
14902652
14902779
14902798
14902826
14902852
14903146
14903426
14903431
14903612
14903893
14903993
14904017
14904092
14904308
14904710
14904919
14904944
14904974
14905019
14905261
14905675
14905907
14906273
14906537
14906720
14907063
14907170
14907199
14907810
14907827
14908057
14908068
14908168
14908366
14908403
14908437
14909115
14909153
14909155
14909393
14909396
14909539
14910089
14910255
14910345
14910513
14910613
14910712
14910809
14910908
14911137
14911235
14911444
14911523
14911533
14911555
14911653
14911681
14911768
14911802
14912195
14912247
14912381
14912465
14912531
14912574
14912721
14913138
14913350
14913493
14913841
14914093
14914110
14914151
14914499
14914741
14914872
14914892
14915071
14915126
14915427
14915603
14915625
14915707
14916029
14916040
14916056
14916148
14916585
14916778
14916825
14916938
14916988
14917072
14917642
14917748
14918073
14918491
14918537
14918559
14918886
14918950
14919053
14919096
14919182
14919207
14919257
14919453
14919476
14919604
14919721
14919880
14920046
14920332
14920415
14920774
14921266
14921521
14921529
14921588
14921611
14921674
14922050
14922506
14922979
14923061
14923216
14923299
14923526
14923574
14923590
14923651
14923740
14924070
14924267
14924318
14924491
14924515
14924900
14925108
14925211
14925753
14925925
14926034
14926114
14926148
14926209
14926289
14926685
14927022
14927128
14927534
14927737
14927776
14927941
14928124
14928150
14928202
14928255
14928395
14928435
14929290
14929292
14929579
14929664
14929807
14929949
14930123
14930380
14930442
14930668
14930699
14930719
14930929
14931120
14931162
14931428
14931539
14931710
14931761
14932068
14932172
14932297
14932398
14932421
14932422
14932498
14932513
14932658
14932917
14933379
14933412
14933443
14933596
14933666
14933681
14933819
14933911
14933985
14934303
14934606
14934952
14935225
14935276
14935338
14935391
14935420
14935451
14935628
14935638
14935910
14936211
14936314
14936872
14937010
14937049
14937209
14937352
14937497
14937637
14937701
14938107
14938126
14938162
14938213
14938386
14938392
14938393
14938654
14938705
14938779
14938868
14938948
14938982
14939053
14939104
14939224
14939243
14939395
14939691
14939804
14939961
14940353
14940453
14940480
14940562
14940691
14940818
14941113
14941224
14941285
14941353
14941387
14941446
14941483
14941667
14941746
14942000
14942311
14942688
14942711
14942796
14943110
14943150
14943350
14943387
14943689
14943727
14944039
14944080
14944266
14944352
14944450
14944482
14944561
14944722
14944951
14945023
14945050
14945138
14945141
14945315
14945473
14945900
14946329
14946465
14946471
14946549
14946910
14947040
14947101
14947262
14947407
14947544
14947652
14947993
14948092
14948354
14948406
14948479
14948677
14948749
14948886
14949004
14949153
14949379
14949543
14949829
14949903
14950121
14950253
14950403
14950734
14950916
14951123
14951370
14951587
14951610
14951620
14951977
14952088
14952141
14952168
14952230
14952242
14952334
14952433
14952548
14952861
14952936
14952970
14953003
14953220
14953247
14953465
14953521
14953543
14953590
14953619
14953689
14953779
14954118
14954301
14954360
14954445
14954561
14954894
14954967
14955314
14955358
14955411
14955605
14955673
14956013
14956057
14956060
14956116
14956222
14956404
14956470
14956486
14956806
14956873
14957187
14957374
14957401
14957440
14957581
14957629
14957952
14958016
14958149
14958315
14958456
14958568
14958795
14958990
14958990
14959107
14959189
14959191
14959512
14959561
14959563
14960191
14960252
14960302
14960329
14960481
14960562
14960672
14960874
14960942
14960979
14961015
14961066
14961144
14961311
14961368
14961519
14961527
14961592
14961606
14961670
14962190
14962195
14962222
14962274
14962300
14962430
14962610
14962687
14962774
14962938
14963105
14963122
14963371
14963413
14963670
14963893
14964004
14964186
14964412
14964412
14964634
14964945
14965099
14965492
14965593
14965677
14965750
14965767
14965881
14965894
14966112
14966211
14966363
14966455
14966481
14966525
14966608
14966664
14966679
14966788
14966802
14966860
14967127
14967139
14967208
14967300
14967375
14967395
14967915
14967994
14968085
14968199
14968558
14968563
14968573
14968641
14968697
14968783
14968794
14968876
14968890
14968953
14969487
14969647
14969848
14969961
14969975
14970038
14970046
14970225
14970509
14970518
14970684
14970729
14970875
14970957
14971191
14971207
14971332
14971371
14971545
14971734
14971866
14971904
14971912
14971930
14971935
14972074
14972120
14972178
14972280
14972471
14972783
14972970
14973020
14973143
14973191
14973224
14973358
14973424
14973623
14973748
14973808
14974213
14974493
14974789
14974950
14975009
14975597
14975638
14975768
14975839
14976059
14976184
14977065
14977093
14977137
14977157
14977561
14977950
14978025
14978422
14978533
14978594
14978942
14979045
14979088
14979090
14980118
14980169
14980312
14980367
14980395
14980644
14980705
14980754
14980847
14980880
14980915
14980949
14981105
14981142
14981202
14981243
14981263
14981318
14981326
14981528
14981550
14981582
14981633
14982202
14982383
14982421
14982554
14982618
14982968
14982993
14983159
14983334
14983421
14983445
14983551
14983722
14983765
14983791
14983961
14984229
14984381
14985023
14985842
14985930
14986033
14986102
14986223
14986290
14986354
14986413
14986594
14986858
14986896
14986927
14987004
14987120
14987133
14987624
14987670
14987677
14987973
14988110
14988191
14988323
14988441
14988680
14988749
14989112
14989228
14989325
14989538
14989807
14990412
14990472
14990485
14990626
14990658
14990683
14990690
14991005
14991121
14991301
14991630
14991632
14992135
14992205
14992247
14992321
14992507
14992576
14992670
14992947
14993269
14993277
14993358
14993446
14993834
14993908
14994118
14994241
14994438
14994551
14994573
14994893
14995146
14995197
14995594
14995676
14995793
14995796
14995816
14995828
14995919
14995943
14996021
14996029
14996106
14996211
14996261
14996291
14996712
14996734
14996757
14997061
14997368
14997371
14997544
14997565
14997786
14998133
14998214
14998279
14999121
14999390
14999471
14999560
14999713
14999779
14999973
